0 1 0 e3b0c44298fc1c149afbf4c8996fb92427ae41e4649b934ca495991b7852b855
1 1 1 e3b98a4da31a127d4bde6e43033f66ba274cab0eb7eb1c70ec41402bf6273dd8
2 1 2 6eefc0d0a4a13dfc0cb2b0da8b7d0b39411c035be37a0241c6f6d68e10c2d401
3 1 3 87bef532d0d2829db94171b5424a8758480a46fafadaf8f2fb3f5fbc23a38c55
4 1 4 14038e0632401983ebcdaaa84b714d3f3c10f836512599afc0610665f4a5cd48
5 2 1 7ad251a8b99ecc8f6c1501219213d9c3fb072a73f1cbac9c9b2f6e199a7748aa
6 2 2 624ae5b775a2f18ff55f0f8cf7f40050bcd069e204a86cab4d054f4b8b094e98
7 2 3 2db74ace9de7e4ba3808df4e9180b356ddf8ae4d66b254f4e84c504af74e4b09
8 2 4 f930bf3ef660619a56a870e4f76c6d4f10dc905adcdc56ada4ef2c3e95768b92
9 3 1 a8163950267367d02bda332e38f6340e3c354c533accbc168659ad84ef3bba6c
10 3 2 90161c130a1d97182a36e9b31025f25a4409b3b2cb6fd047d57c960755183c19
11 3 3 415d229bc7a9030237a9a0a1fd90a70a214ba4830eb3bc0d7b9ea2545f7f026f
12 3 4 f750811abc937e9ab913c64922764638eae61a6d001d503bff65320440f47196
13 4 1 26ca319859d64eb75081b2bf6367ee424a7fa26fcecb15561de82b4ff42725b7
14 4 2 16d6b6d193e1c9c84785ffba9e755643be2a4b948b0ffd71ff044829cad00f84
15 4 3 5839300ae41ec091763773c3e66dd5fe443ca0c3c33849dab21fc5f50a3b3e9d
16 4 4 b71e7236a3109e02f9a5f4ed0a1e5a79a4b3cce24db34d1b810d08ad4a06cd2e
17 5 1 26d9b670d337c216e2ebf8900aba8ad4c60c72fb80709538ae85d94ff4b5f413
18 5 2 11ab31e06a7ae8506217b9f86e11e814af81f5fe09397ff1490f51852f8f95e9
19 5 3 f23d11efe5f229dee2285e71f6c4a82d425d41d4c6f7d06bbb713c7aa44a4eb3
20 5 4 3e3316bdb0b388b9ba9c5654f32dfa4e8e47792fd26776eb113f9c63955493a1
21 6 1 70845d54a251220de8b6987a4d9b3b69f471220ca12baf89caffff7160be8a4f
22 6 2 e54af3a99d04d3baaaa815c9c9067411e5d980d51af989fccbf99f2c37998b67
23 6 3 5b4329db8feb66b178a26fb430f68c89950072607cdf2465659577906d761c70
24 6 4 6fc68206cacc4830947c039361679b9c4938400d59e7b82db0ff4f1d5900bdf6
25 7 1 65d101e8c1fb34232fdcebc812ab61d9140e8a91316b8846c2bd4128018bad94
26 7 2 39e25e05ecc16c1aa87dbe60b428ce7d0a473c7e41b2d5ff221e6fe5e28cfc88
27 7 3 8ed7f34530a5c8ef9e94573915eeee157442a13c8782329953c11d367e754bf7
28 7 4 0e4248a0b6262bcc20d48671c886321194fbf9217e55d5da9f717c4ff4ba4b02
29 8 1 3831a72cd41b52a69c20af518ee018dcfafa6439a53dbe79447db691eaf5fee9
30 8 2 6459c51cc390925a243f94c705d252a429177aa906ec22dc98b3dbce6e37147f
31 8 3 673a52e89b8abf5c208e60d9c1e80f59c6fa7cc1a13af7f5592b963d4022670b
32 8 4 01b57986509d990a57dcb3cf46597233a5ab574f4b78b365d5de8d2e255b9c08
33 9 1 e9eea06e258a52003ed7a85179503153506b76dcef5342be602a13f8df72909f
34 9 2 ebb891ce5462695a8db949919739dbc0ec7ef04ca009c7fa658205bd8b710c56
35 9 3 b2ec0e28fe4d3df5f95bcfe5512ca85c185ccda3bc7f7f2fc16346b9326e6aa0
36 9 4 4d3bfdbfca21bf8186a3bca585cc39e6e8afdfd87eed021702b88baa4607db76
37 10 1 3b44c115dc53bdb4f31c6a6989418b87140a6feb0ac1bfafe941308f538c2fe7
38 10 2 946b0c7c84c03170f35d238332c16c5a5f351faffbc6c0748648efc85b1ceb8c
39 10 3 2f88ccf9e00600e5da07af224d709b96efb7f7979f6dc7811f8b149eb6d4cf97
40 10 4 e443a1011081e66bc4493e4e9974012aac67f16449321dbb1db06b5f8dfc651d
41 11 1 6d698869e43c6a7725fdb2ff3ccd196b1b2ede71ffc0e73dd6e746e510114144
42 11 2 3468eea32e8462f6bad7d7c66fc85e359e86f499af10a1cff80c5249bc941e2e
43 11 3 33c7f4b741f493736c34d8e3f2bc392030c8bc1062387888dbeefc34eefb432f
44 11 4 3419bd5a8af6132aa0fd1c34d0a4f11851fc63b70cccd16d52d063aa2e8fa063
45 12 1 12bdcd01f14c55849b504ee95a52e99774e2039b67887dad46551ea355070904
46 12 2 d1b2233196fb7b8e5cf5d88998eb3f972d58fa0686da4297166d9f9c85d82714
47 12 3 2e96cf22b6f487d29297ee0d1afc03f54a53845832c9309a5f9b83921c1b1eb3
48 12 4 babadd3b5d71b627733b5cb29545351e3c3adeaf0387588f9e06cf5830c9118c
49 13 1 fa475ba4e885810dcf3b38e4874927003dbf46f374fbf3d786c7141fd43641bc
50 13 2 5c71bccc992e8f3ed72cd7c243efb23f812681fc482b886c1b203ff04db91b04
51 13 3 a360fe0b49514258fc8e73a944e920b26510775cd5f3f5a91fe54d735e5356e0
52 13 4 bf1a7dad130343ed1f50c70a5e2c439bf19748fecfa184adb2070f9bf5d4cf57
53 14 1 fa612c42c7ef7a3ac749c4615fc5e428a2f27c0c89f9a52129988427831c5a8f
54 14 2 349e34f5c134cf608dc1fc0c467a8f16c6b4426d4af1652247921be5831fcb0e
55 14 3 1a4a982b35e7296f14bb166d1b75f782f1148d636224f0f90c0aa18b5606a1f0
56 14 4 dfa20213eea0d0a00da32abbc9da1f9013245f71bab94bcf72d257d4d9a01ae2
57 15 1 0d7886e4971d3458d5de8c7b6610ff484329fb38aab97ca8bf40ff1656b39a1d
58 15 2 0ecad381c2ebb953c3aa54e27caeef7d4a88a01295b4e6cefa643d81956fae90
59 15 3 61357d09ebb908b8e78de03aac2b55c5bb6ea1101dd1fdd6d2d40485b64611d5
60 15 4 f90e96f6e6e4cbf05562c5238353d4effeaefb6aa76f7fcac09c45d16450769b
61 16 1 f7a94a39a334a580312d6bf9614f8156fe02874ccc63f8963d6c57fd5f6bdb9c
62 16 2 2c1d05ca2521de5034d4e6a7ffce065cc95fe115fe8ad2a24a6038266792db1c
63 16 3 394dd524681ea3b9e601c55216855e1012a611725dd89c123a516a2a01ce2159
64 16 4 64a04f23078d65815cc9a1eb7e96d7fda3edb0d8e396f8c94e0de9876fbfd1f7
65 17 1 153ac1c31318d05b2bab84b392556fb32579b67d70f7846af97054da97637ed9
66 17 2 bceb369c00f1b00bd8ef1e0e6a14476a1fac11f5cbbd2d089d4b42d383cf6c8e
67 17 3 41dd2e6a29c831d06c44bad43e05cac60003b0cd91f0abb97cfd9e81635b0d4b
68 17 4 a5ebe6a17fefce53b398dbe11835faafde931be0d0093027207dbf3dc7012b20
69 18 1 f713a2c1696442f3d7fa06b9486914c0af0c978abe4284c8256283060814df66
70 18 2 92d67b5d20f205744e37407dc36da2fdb059521f930e88b5d52cef09fc1bc691
71 18 3 ee288b0cfbea5efb2498d55355566ffff9a450ecc31adce203cf065238187598
72 18 4 0b2495804686cf38a362b3d8106945ce5ccd2de62975f3be217a35ca215851a2
73 19 1 b0166ae46669a46d0166499ea64a121f25bfb801686c92ea351f2fa7cc0be921
74 19 2 0ff76c539ad1f28fc78300b2ca432330de2c8a43c83d30cb424884684c58df99
75 19 3 70334107667ae62f2c4b0ee7479b1f9c0f4d6fa04037928593991078793cb8d7
76 19 4 12479268f98b78455a414933cc2d85d4110fcafd31cdc1ff3fe19265909b1cac
77 20 1 4e4c78ad2b3009e19a7624a5dc05acd4bffda30e29e9279daa0cc862a73eb678
78 20 2 a3f8701da720d3c1b08fbfe03f81081bbf593916f07c60baa5d61868c2a92972
79 20 3 9e0dff33b730d054179bb7c37311c7495a63d735b58c5e39cbafc9a79c6167db
80 20 4 01666c0dbf488ca12238c53e79fcf7130dae7686d7fc478c381fb363b19d0507
81 21 1 49d19d855f57031391b1692039bede090ea66ccec745048277a58ad5f3832e27
82 21 2 4995ffa68232a8944bf6c4a38da962441466e310c372cf0829f1dfb944ef714f
83 21 3 d27bcf63499ada188611637588aa3154f42d410caacb02a4869b8f33253abe1c
84 21 4 1790a37ee102c57692fed7c1b5734b10384fef2e23ed686e2654df8cfa115b80
85 22 1 b84c5e7e26908390bd9083238f13539b5b850b17d67979bb4436d81859634f0e
86 22 2 198119cd6dcb2b2f6e75de6f339ab67d2995d4dd3133e0edfb90845b94fede61
87 22 3 42b05ed8f46bc59abd9ce08d67341102313289dff3d3598c58fec896686bdd8e
88 22 4 b8cbdcd9fcb70171d8a27744df478a9927c783e151ddb34d826c140e5ae5630a
89 23 1 d612e822d2d95837d8fe969d24c391ed9d5f30cf78bb06d781f9ee9267652457
90 23 2 9f2ddb9aa93495d1c4ad3deb0bb91912eaab249360b97071212bbf2be1c67f82
91 23 3 8dfe17615c3d7c024bf67a38d930dd72e6d3cc7b357d298d7f90698d0a76c7b1
92 23 4 70baa2c0eb5e5374c252d7ea79bbc300f6aa67dcd89a9379568d8a038151b60f
93 24 1 b66a2dc9b367a77ec5e231f05efec1afae1c5b4876f333321bd26b4fec552a02
94 24 2 ff29865b0cbd9850f43f284a75ebab7e49cf8d3dd02237d4b316650f155e6839
95 24 3 135a991cafe4f82bdd7fade91c1d0c48996a24ba43937b4dfb3213cdb95e5df3
96 24 4 a0eaed6d9cdf0d97ad06ea0c6e629c703ae2ce2fc1dfbc2592ae9267d1602968
97 25 1 d33f058a16c47b71af655186a31a7701f40f60b2ceb2626c008a4e6d2411cbc9
98 25 2 b321299f5b6daa277d8a1ca52a253bed3e067e9774a7c4751c4859af277d48e7
99 25 3 db1037680557b3d482e6d5403c0959e3eff38d7b260923795d56ac35244d484d
100 25 4 de57111d917d874c0d958a62d0d4891b38086f5c5c50ccdff7cd37b3054ad385
101 26 1 575ddc44213c23c2bfa70228401f6edd353f3954bf1b82349f194da216d73a84
102 26 2 8a0d937479e7d2539b6a4ba092ec1fe164eea74fab5e21c13974fd712ff3fbd1
103 26 3 8ae39458f62bfefd528c8c345f868399895cd76daea3756343bce6ece9cc9435
104 26 4 c756ffd2a155c5948d1c0c7e8bc1c5b6c538dd99aa10a6448c2977dfaa9acf63
105 27 1 c72bc085016bdecde9999883b4b8df3dd34b40d26692fcf59e136f9122cd0984
106 27 2 07f8177fa774bf0b648dfe794354045445738bfa95ff431204e3910c601a1369
107 27 3 aa0c716dfbc902c210756ed3e3eb11fbdcc87722caa8f83e0f2e64a1ef830546
108 27 4 95fdb3a516db2325c6f29aa516d4f1e9c3f68429321fc9161bab4968f5d12798
109 28 1 b51032d3bf76587068ff18332fbc536247d1596a9d5898463f1c20ab461e3119
110 28 2 68f53fdbc4a673dbb9e6c22f8029b2ebb8719cab2d039ffe9f5cb1629b7f72d8
111 28 3 a108478c84384f764d41a7e1f4192dc50a2c7af57b6ff2f0f021cc67c0057c89
112 28 4 c56de537f2e7e4a67c777c6f468b97ffe57dcf7d968c81326d695d6d64da2559
113 29 1 97b02cbb2594f160c1cc522703918bb5866b8d2e76fa1ceeb7aa420458997ec0
114 29 2 d4eebbe469075cfa1297171eea27c024481bcf2647cbe26e844e64f81747e18c
115 29 3 1382db795920806fc9f54a92643ad0f0c164b330063a0717f9b034d7f5a153cb
116 29 4 0f37ed4b2214b74da4ac2eacb5a7d442bfce4ff742ce28ab5897a7486582f7c4
117 30 1 da5ff8a6d4f2d21788a1aeb1d8c6ee03ff0ebc1477e64a1041ab328ed43bff70
118 30 2 7d7c0b4ea82958ff7cca15b82f221ad02d549e5f856463e97404d19b694d54d6
119 30 3 4eddb3052992d8b6ad69fc6810f2393e26565c7ad6481b04ca19eafd0814568f
120 30 4 198a2ba7cb4118a8ab3338790ff6877672a60daa7f35410ca9bc117680a5a5ea
121 31 1 6c637cf6639c9db96157f0f569869c250b84d2efe8d852f01c42719d3ba47fa5
122 31 2 7f55fcb9139dea352fbe6944dd937098409ca2302ccbb7f71d874e33c05de26a
123 31 3 5059e661491456dd56b09b0f5ee68d4357c34b072ce91e7fd17e20dbd5d153c2
124 31 4 a42ac06998a596e1bad41822fd51763357eaa9f48880b7913686f95f1198e7c0
125 32 1 c23513438ba733a86a904a32164a5475b14edacc5801b6267ff75e6d4db09a7c
126 32 2 b5b14779ad4b12d13b1c5feca180f0edf3d26ec81247e2e993574408e75bbfea
127 32 3 b6f404f313b6af3aea77d870b23075fcc105cef76024dc42e503a6945fc2e158
128 32 4 156d3c1dfa379f28c9e71133bd7bfa3d2547ecabbd38c3ed1a04972f2ce7fddd
129 33 1 7fac84402f9638371776a130e85361022e923902ec93ab74d3258f295ce3ca85
130 33 2 7046868d520046dd010bd2570e5c1064c7c3be279ddb59ecb165fe6474803e84
183 46 3 d012ecad3469582ad69afc48f6d8e7246586bb25f35a6b5941275bce2c9b6e6c
184 46 4 666701f0e0600f6be689ae52da50e2e4b10d255a3129b6b894592fcd75d1ae2a
191 48 3 20a1e1978874a0de1ec54308ce09dd13a6496a138da17e6ab5a643c068815692
192 48 4 584b55ffaa18e5c9ecdb844632373876e362e97bb52e0922b38fb3bdf745cf12
247 62 3 b6c8509c43b6d5aaf1b506902b61fc4308ec260c5c0415d49fc037c2d974acf1
248 62 4 1fc6a3578b3ea5ad9b99d9f7d8c9aab03e6fc9b207980a283a2052f6d50b7d27
255 64 3 7b6ead50c209f269d28b92a0c34f6020e969d0c4721d248e4603a493fe581ea1
256 64 4 64e18122dc8c74f548ec491647519840cf42cda52ac74adf42f5cc313390da93
1000 250 4 a43d1a57f572a38ee403c2133856ecd2d5cb5141f503680b0fdff6c1e59c0e95
