10031293 0000000000000000 0000000000000000 3 1 0000000000000000 0
10031293 ffffffffffffffff 0000000000000000 3 1 ffffffffffffffff 0
10031293 0000000080000000 0000000000000000 3 1 0000000020040200 0
10031293 000000007fffffff 0000000000000000 3 1 ffffffffdffbfdff 0
10031293 ffffffff00000000 0000000000000000 3 1 0000000000000000 0
10031293 00000000ffffffff 0000000000000000 3 1 ffffffffffffffff 0
10031293 8caafc59aff91663 0000000000000000 3 1 ffffffffbcbab4ef 0
10031293 47be5543e684460b 0000000000000000 3 1 ffffffffd8e60a3a 0
10031293 c9c6de1db050fcb1 0000000000000000 3 1 ffffffffca6b7b6a 0
10031293 d5b39162c1984cc4 0000000000000000 3 1 0000000037730cf5 0
10031293 36ca734e082da43c 0000000000000000 3 1 ffffffff957bd842 0
10031293 183bb3b2f27fe165 0000000000000000 3 1 ffffffff8835fc6f 0
10031293 71c429a7c9458e93 0000000000000000 3 1 ffffffff90f566ad 0
10031293 5a10aa60f69d4336 0000000000000000 3 1 ffffffffd11c3ffd 0
10031293 9f645a0dea0268bd 0000000000000000 3 1 0000000036cd3d94 0
10031293 fcb687a2321ed607 0000000000000000 3 1 0000000007e639bf 0
10031293 55e213f3b544b5a3 0000000000000000 3 1 00000000529a0998 0
10031293 d16cee4682f56d66 0000000000000000 3 1 000000001e3cd6f9 0
10031293 76737cdf08295305 0000000000000000 3 1 000000007f6e01ab 0
10031293 428f8eb907735b01 0000000000000000 3 1 0000000054b8e947 0
10031293 b00f942fab77abf6 0000000000000000 3 1 000000002bc76bed 0
10031293 a6888eb766fcb09f 0000000000000000 3 1 ffffffffaf866659 0
10031293 adebb7259377a9da 0000000000000000 3 1 0000000034ae1b86 0
10031293 870c894acd4929fe 0000000000000000 3 1 ffffffffd803db03 0
10031293 e3b69b8dd34ab118 0000000000000000 3 1 ffffffff96d0555e 0
10031293 1900000cece74af4 0000000000000000 3 1 fffffffff1b56634 0
10031293 ea391a6f0ec7ac8f 0000000000000000 3 1 ffffffffb97ba125 0
10031293 ec000b183035c059 0000000000000000 3 1 ffffffff99c59578 0
10031293 8d9f499a4535ad21 0000000000000000 3 1 ffffffffeef3c7f1 0
10031293 3ccf0be10666e681 0000000000000000 3 1 ffffffffee0b8e8e 0
10031293 a12809ec7b229e45 0000000000000000 3 1 00000000269a6b69 0
10031293 f06dbe6f9696613d 0000000000000000 3 1 0000000035cddaa6 0
10031293 f6d1d81649d2bf3e 0000000000000000 3 1 00000000217a187d 0
10031293 2c4563c455eadb18 0000000000000000 3 1 0000000066d478c7 0
10031293 3543c96b9f9eb90b 0000000000000000 3 1 00000000555f7cc9 0
10031293 f4a28fecdb26ce18 0000000000000000 3 1 ffffffffdd3709dc 0
10031293 2df0168eeee920ea 0000000000000000 3 1 00000000186e94c8 0
10031293 f98764bd384a612f 0000000000000000 3 1 ffffffffeeefe6f9 0
10031293 19c0e7b9d05edbc1 0000000000000000 3 1 ffffffffd1763347 0
10031293 2acf0a7b3dae0cef 0000000000000000 3 1 000000001021d2bd 0
10031293 ba49996bc806b3b0 0000000000000000 3 1 ffffffffb5492ff9 0
10031293 4061ab3f5b116b7a 0000000000000000 3 1 ffffffff88bb6b39 0
10031293 0066d5956cdea875 0000000000000000 3 1 00000000623d195b 0
10031293 d1e19b17c639fd0f 0000000000000000 3 1 fffffffffe047194 0
10031293 e170436c027a5a1d 0000000000000000 3 1 00000000791ef15c 0
10031293 ed6f805fc93e4d4c 0000000000000000 3 1 ffffffffa11ce985 0
10131293 0000000000000000 0000000000000000 3 1 0000000000000000 0
10131293 ffffffffffffffff 0000000000000000 3 1 ffffffffffffffff 0
10131293 0000000080000000 0000000000000000 3 1 0000000002100040 0
10131293 000000007fffffff 0000000000000000 3 1 fffffffffdefffbf 0
10131293 ffffffff00000000 0000000000000000 3 1 0000000000000000 0
10131293 00000000ffffffff 0000000000000000 3 1 ffffffffffffffff 0
10131293 a9f59383d2f26676 0000000000000000 3 1 000000006ca2acbc 0
10131293 f7816299aafcff71 0000000000000000 3 1 0000000056e114b7 0
10131293 f16a338f591d664d 0000000000000000 3 1 00000000727c7099 0
10131293 974e6b2981bf61fb 0000000000000000 3 1 000000000ec637ab 0
10131293 ce0ad031acef4957 0000000000000000 3 1 0000000003e28b1a 0
10131293 0c080ffdc7c4fe42 0000000000000000 3 1 000000002138ca05 0
10131293 90e2b4cf3bb6ed26 0000000000000000 3 1 ffffffffe75f3e74 0
10131293 c202c159c8b601fb 0000000000000000 3 1 ffffffff8b5b3323 0
10131293 e2efc97d3e392cce 0000000000000000 3 1 ffffffffbda94489 0
10131293 9af8bd470028dabc 0000000000000000 3 1 ffffffffb3edf871 0
10131293 e74541b57a5427cb 0000000000000000 3 1 fffffffffe95ffa6 0
10131293 b4d471e2ba1f7d86 0000000000000000 3 1 ffffffffa581fd44 0
10131293 913aafceb9fdf27b 0000000000000000 3 1 000000005f69f5ab 0
10131293 6de40e966c0c1727 0000000000000000 3 1 000000007f562268 0
10131293 d55f2bbb042e967b 0000000000000000 3 1 00000000343b0209 0
10131293 a3283d96b91f8455 0000000000000000 3 1 000000005391773d 0
10131293 5c90ad811724f328 0000000000000000 3 1 000000005727e359 0
10131293 2b4b62fc52e64130 0000000000000000 3 1 ffffffff94615de5 0
10131293 20f7709f9f1eb6bc 0000000000000000 3 1 ffffffffaab4c743 0
10131293 d02e0c4f172364f1 0000000000000000 3 1 ffffffffcbcc1174 0
10131293 1025fa15dce98f4b 0000000000000000 3 1 ffffffffb2cf9ee2 0
10131293 eadd6dd8a71972a3 0000000000000000 3 1 000000005651d737 0
10131293 d24d9de98386523a 0000000000000000 3 1 000000006e7774c3 0
10131293 5b00d5cd8f2ef317 0000000000000000 3 1 ffffffffabb4d5d5 0
10131293 ad5a27cb5ea733cf 0000000000000000 3 1 000000001708af86 0
10131293 abfb9e04f5af3755 0000000000000000 3 1 000000006af3a3c1 0
10131293 f76539551b0f0086 0000000000000000 3 1 ffffffff8f2f1eef 0
10131293 8130c99b174b2680 0000000000000000 3 1 0000000075cc85f5 0
10131293 88a1d841eabcffdd 0000000000000000 3 1 ffffffffd2684a95 0
10131293 d0d663f3352d3800 0000000000000000 3 1 ffffffff964e115d 0
10131293 ed06c106c60f7c3d 0000000000000000 3 1 00000000771ee2fc 0
10131293 894a468bc0006e02 0000000000000000 3 1 ffffffffcb6f00d5 0
10131293 473eb18604200a42 0000000000000000 3 1 000000005055252a 0
10131293 22541a8ccb890be3 0000000000000000 3 1 0000000037d2a4eb 0
10131293 190b30fca7729816 0000000000000000 3 1 ffffffffe1052f60 0
10131293 f8dc012b94c45edb 0000000000000000 3 1 ffffffffd70ee43a 0
10131293 88215a92cfea6ca8 0000000000000000 3 1 ffffffffc3100098 0
10131293 749d9355e8028c17 0000000000000000 3 1 ffffffffdc1b0195 0
10131293 0bcabc8ff3a36fbb 0000000000000000 3 1 ffffffffc907242a 0
10131293 8fd10972dc13dd80 0000000000000000 3 1 ffffffffba850d63 0
10231293 0000000000000000 0000000000000000 3 1 0000000000000000 0
10231293 ffffffffffffffff 0000000000000000 3 1 000000001fffffff 0
10231293 0000000080000000 0000000000000000 3 1 0000000011002000 0
10231293 000000007fffffff 0000000000000000 3 1 000000000effdfff 0
10231293 ffffffff00000000 0000000000000000 3 1 0000000000000000 0
10231293 00000000ffffffff 0000000000000000 3 1 000000001fffffff 0
10231293 e2f6c1f3c21bbf1b 0000000000000000 3 1 ffffffffc001b01b 0
10231293 c82a051128acf2f4 0000000000000000 3 1 ffffffffd1f9cd90 0
10231293 5716280af4c31c8b 0000000000000000 3 1 ffffffffce531898 0
10231293 ebea7f889714890a 0000000000000000 3 1 00000000258e1df6 0
10231293 287e24881994de2e 0000000000000000 3 1 00000000688a341c 0
10231293 90f5bf7a8d60f345 0000000000000000 3 1 ffffffffa667bcd6 0
10231293 18d1dbf6dc2a9d54 0000000000000000 3 1 000000001568319a 0
10231293 93f8479228d42451 0000000000000000 3 1 ffffffffae5f66f7 0
10231293 1742a85855f2cbf3 0000000000000000 3 1 000000005ee96995 0
10231293 2f692246b00bda65 0000000000000000 3 1 000000002bf800fa 0
10231293 59d6cf205f161d26 0000000000000000 3 1 ffffffffc015785b 0
10231293 43b74cb8a327732a 0000000000000000 3 1 ffffffff9de8084a 0
10231293 ccc0168b414db84b 0000000000000000 3 1 fffffffff0b9fc2a 0
10231293 3658108be75fbb15 0000000000000000 3 1 ffffffffd9e031c3 0
10231293 d4cc0e40d1329569 0000000000000000 3 1 000000006cde43cb 0
10231293 c06a148b39ef6a81 0000000000000000 3 1 ffffffffdfee7dfe 0
10231293 338c1671005d2b55 0000000000000000 3 1 ffffffffe0de5f2b 0
10231293 6f661cb68f6805ce 0000000000000000 3 1 ffffffff8d807368 0
10231293 dd23c880d658096c 0000000000000000 3 1 ffffffffc13c84a9 0
10231293 0504d7a5423a7720 0000000000000000 3 1 ffffffffd50b2a84 0
10231293 04f4770b65ea8251 0000000000000000 3 1 000000000ee2dc34 0
10231293 39319dd5f14d7523 0000000000000000 3 1 000000000483c81d 0
10231293 65f751d73414630f 0000000000000000 3 1 00000000002969a2 0
10231293 1e94683e994eddf5 0000000000000000 3 1 000000004f662056 0
10231293 ec4d615b7e9aa50f 0000000000000000 3 1 ffffffffb86dbe4d 0
10231293 5f226d506e8f8458 0000000000000000 3 1 000000005c1af420 0
10231293 1034551dcfca235d 0000000000000000 3 1 000000002ab1a3df 0
10231293 4bc86fea4f274d3c 0000000000000000 3 1 ffffffffa235b4f4 0
10231293 8ed39c71def00f15 0000000000000000 3 1 0000000033a69640 0
10231293 02fee61af9d01d5c 0000000000000000 3 1 ffffffffa19e9de5 0
10231293 7b04a45c245ade25 0000000000000000 3 1 fffffffff94aa76e 0
10231293 90e2b9166b3e4193 0000000000000000 3 1 ffffffffbbd56e7e 0
10231293 a09d1108b3404b10 0000000000000000 3 1 0000000025caa524 0
10231293 8432d87ba69431d9 0000000000000000 3 1 ffffffffabe9c7fd 0
10231293 caf90c1766617b1f 0000000000000000 3 1 000000006cc7340d 0
10231293 90981f8d638f1460 0000000000000000 3 1 0000000009aee447 0
10231293 1dfc60066e7ab3e9 0000000000000000 3 1 0000000073e9f884 0
10231293 ed20f25e6187a80f 0000000000000000 3 1 fffffffff8f02230 0
10231293 6191cfe8022fff4e 0000000000000000 3 1 000000006392209c 0
10231293 76bb256c2d7825de 0000000000000000 3 1 ffffffffb0827fae 0
10331293 0000000000000000 0000000000000000 3 1 0000000000000000 0
10331293 ffffffffffffffff 0000000000000000 3 1 00000000003fffff 0
10331293 0000000080000000 0000000000000000 3 1 0000000000205000 0
10331293 000000007fffffff 0000000000000000 3 1 00000000001fafff 0
10331293 ffffffff00000000 0000000000000000 3 1 0000000000000000 0
10331293 00000000ffffffff 0000000000000000 3 1 00000000003fffff 0
10331293 102605394e104a2b 0000000000000000 3 1 000000002c434ad8 0
10331293 e037f1c1464699e4 0000000000000000 3 1 ffffffff9fdf3a4d 0
10331293 670e0ad5a8e73cb6 0000000000000000 3 1 0000000079e7b8a0 0
10331293 b0aac21397763765 0000000000000000 3 1 ffffffffdd7ba4d8 0
10331293 3d8a54814c26252f 0000000000000000 3 1 ffffffffd621461e 0
10331293 1e1b47820f0db5ae 0000000000000000 3 1 000000006c61050a 0
10331293 5d9c9e93829553cb 0000000000000000 3 1 0000000003bc144c 0
10331293 972af85fe168c27c 0000000000000000 3 1 000000007949b6a9 0
10331293 04d920534d8d6b7b 0000000000000000 3 1 0000000018c1ac2d 0
10331293 01caba87e9c3c6e6 0000000000000000 3 1 ffffffff9b95d928 0
10331293 26bbab5277cbd868 0000000000000000 3 1 ffffffff9724c7ea 0
10331293 9ffd569f736a667e 0000000000000000 3 1 000000007fec2d41 0
10331293 a0ffce665c02f9dd 0000000000000000 3 1 0000000023c2053f 0
10331293 b1408cf6fa360285 0000000000000000 3 1 ffffffffc12ccfdd 0
10331293 36251da35d5f96be 0000000000000000 3 1 00000000399fb2e1 0
10331293 a7709d9a2e8e7f86 0000000000000000 3 1 fffffffff0387109 0
10331293 ee3aa60a416ed0b2 0000000000000000 3 1 ffffffffb25f332e 0
10331293 b61021b89947cb3d 0000000000000000 3 1 000000001cdf2e79 0
10331293 b04006f2a6ed2d54 0000000000000000 3 1 0000000033297ce0 0
10331293 049370f298afae1e 0000000000000000 3 1 0000000022eab4a9 0
10331293 7aaf5cca8df334ef 0000000000000000 3 1 fffffffffcc94b8a 0
10331293 ddf01d918cafc372 0000000000000000 3 1 0000000019f43c32 0
10331293 b0a208ac9f27a7f1 0000000000000000 3 1 000000002721359e 0
10331293 e30b456ab42d2018 0000000000000000 3 1 00000000342247db 0
10331293 73ae738514c848f8 0000000000000000 3 1 000000002d663aef 0
10331293 f4b9cc9b7abcdaee 0000000000000000 3 1 fffffffff6345d3f 0
10331293 38c0de23bf808bf6 0000000000000000 3 1 0000000054aa6812 0
10331293 6af42422cc16c221 0000000000000000 3 1 ffffffffb967da39 0
10331293 c13298e4b25c8db2 0000000000000000 3 1 ffffffffd7439846 0
10331293 57a9eb4b98e7cd35 0000000000000000 3 1 000000001f1a469c 0
10331293 547d1a3cf85ad6d5 0000000000000000 3 1 00000000318e5593 0
10331293 1b596c86f375fd19 0000000000000000 3 1 0000000041131aab 0
10331293 258cc014707ad80d 0000000000000000 3 1 00000000371b0884 0
10331293 82c8c058ab8be17f 0000000000000000 3 1 ffffffff8cbac24c 0
10331293 16ab33e6d1f28ed4 0000000000000000 3 1 0000000016848e64 0
10331293 2759f4c999b4e23f 0000000000000000 3 1 ffffffffed7e52d4 0
10331293 ad0efcd061ee65d6 0000000000000000 3 1 fffffffffe498753 0
10331293 6533a0ab32142fe4 0000000000000000 3 1 ffffffff92021a43 0
10331293 1ffc8bf5c47723fb 0000000000000000 3 1 0000000075b3877d 0
10331293 79852d2ff0f90c68 0000000000000000 3 1 ffffffffa7855820 0
0073628b fccd6331a7841c27 fccd6331a7861c27 0 1 0000000000000000 0
0073628b 2ace5983f57b92e9 2ace5983f57b92e9 0 1 0000000000000001 0
0073628b 6c4b3b3661c1e606 6c4b3b3661c1e606 0 1 0000000000000001 0
0073628b 262265af45259fe6 262265af45259fe6 0 1 0000000000000001 0
0073628b f4f0c3a0ed29fdd7 d4f0c3a0ed29fdd7 0 1 0000000000000000 0
0073628b c605744b1981b100 c604744b1981b100 0 1 0000000000000000 0
0073628b 502309446fb2cf8a 502309446fb3cf8a 0 1 0000000000000000 0
0073628b 94734b48cd835621 94734b48cd8b5621 0 1 0000000000000000 0
0073628b cf4e3b94ac0f5c61 cf4e3b94ac0f5c61 0 1 0000000000000001 0
0073628b e871709f51c0eb7e e871709f51c0ef7e 0 1 0000000000000000 0
0073628b d701d06167050886 d701d06167040886 0 1 0000000000000000 0
0073628b ca358b63cf297bdc ca358b67cf297bdc 0 1 0000000000000000 0
0073628b 1bb629244cb43961 1bf629244cb43961 0 1 0000000000000000 0
0073628b b1e8a85ecb4211d6 b1e8a85ecb421196 0 1 0000000000000000 0
0073628b 0dd3e6bf17169ac8 0d93e6bf17169ac8 0 1 0000000000000000 0
0073628b 57668305cd25b0d5 57668305cd25b0d5 0 1 0000000000000001 0
0073628b 0f45ce191b1f1ae9 0f45ce191b1f1ae9 0 1 0000000000000001 0
0073628b ecb30ab57aa1f713 ecb30ab57aa1f713 0 1 0000000000000001 0
0073628b 4516d6baf2b4c9db 4516d6baf2b4c9db 0 1 0000000000000001 0
0073628b 2873426d87ea66d6 2873426d87ea66d2 0 1 0000000000000000 0
0073628b d74272ab2dc2c466 d75272ab2dc2c466 0 1 0000000000000000 0
0073628b aba4f9f3f06304bc aba4fdf3f06304bc 0 1 0000000000000000 0
0073628b 6c7ca1be7b1da87b 6c7da1be7b1da87b 0 1 0000000000000000 0
0073628b 90f0376b4f1d748e 90f2376b4f1d748e 0 1 0000000000000000 0
0073628b 98c3c901ee70a6d3 98c3c901ee70a6d3 0 1 0000000000000001 0
0073628b a5920bf63926f5d7 a5920bf63926d5d7 0 1 0000000000000000 0
0073628b ab35d8370f9a7ec9 ab35d8360f9a7ec9 0 1 0000000000000000 0
0073628b 8fe9386ab4b8e6a3 8fe9386ab4b8e6a3 0 1 0000000000000001 0
0073628b 43325a24c1ab9f88 43325a24c1ab9f8c 0 1 0000000000000000 0
0073628b a81ad56dc54c6114 a81ad56dc54c6134 0 1 0000000000000000 0
0073628b 948c2185822c5095 948c2185822e5095 0 1 0000000000000000 0
0073628b 11cbdef6b407bce8 11cbdef6b407bce8 0 1 0000000000000001 0
0073628b c9ad9b52a9cb99a1 c9ad9b52a9cb99a1 0 1 0000000000000001 0
0073628b ae652b348c027fdc ae652b348c427fdc 0 1 0000000000000000 0
0073628b 8bab437802a6ede6 8bab437802a6ede6 0 1 0000000000000001 0
0073628b eab565e47af764fe eab565e43af764fe 0 1 0000000000000000 0
0073628b d6a9075a43230dc8 d6a9075843230dc8 0 1 0000000000000000 0
0073628b c36310a074f0b0d2 c36350a074f0b0d2 0 1 0000000000000000 0
0073628b 1e8b2c1c60239f24 1e8b281c60239f24 0 1 0000000000000000 0
0073628b bc6a034bb65b8ddc bc6a034bb65b8ddc 0 1 0000000000000001 0
0073100b c20fd2daee2f34a0 3e53895aa5c08dea 0 0 0000000000000000 1
0073200b 27a8e5ce684c4b48 417e9bae77af23f5 0 0 0000000000000000 1
0073100b f3a2fa4ea95bc057 6ec9cb0861035a89 1 0 0000000000000000 1
0073200b 670b4ee2f97ba6be fc628b08d5cd523c 1 0 0000000000000000 1
0073100b 05e996228dc541e7 b25ac1d57d387b05 3 0 0000000000000000 0
0073200b 7ea06060f7c3ae9b ede5cc50c2b8a09e 3 0 0000000000000000 0
0000728b 0000000000000000 0000000000000000 3 0 0000000000000000 1
